5_23_4_fast_0.jpg,0.7498521208763123,5,23.076737663132064,0.25
5_23_4_fast_1.jpg,0.6791797280311584,7,21.829244364244428,0.42857142857142855
5_23_4_fast_10.jpg,0.788914144039154,15,22.691810389932087,0.375
5_23_4_fast_14.jpg,0.8423438668251038,17,21.447382436652624,0.5
5_23_4_fast_18.jpg,0.828009843826294,9,20.98813174219125,0.4
5_23_4_fast_22.jpg,0.7793604731559753,3,19.026981571917986,0.6666666666666666
5_23_4_fast_3.jpg,0.7059757113456726,14,22.427082327574823,0.2857142857142857
5_23_4_fast_5.jpg,0.7553663849830627,10,21.38269526583449,0.3
5_23_4_fast_7.jpg,0.8003658652305603,8,20.21148878232053,0.3333333333333333
5_23_5_0.jpg,0.7036195993423462,2,26.90312470928752,1.0
5_23_5_1.jpg,0.7143045663833618,4,23.102842245704778,0.3333333333333333
5_23_5_11.jpg,0.6652528047561646,5,22.406577494060905,0.4
5_23_5_12.jpg,0.6966291666030884,2,23.438157347210065,0.25
5_23_5_2.jpg,0.8121711015701294,16,22.518091231520405,0.5294117647058824
5_23_5_4.jpg,0.7102673053741455,13,23.25188628191095,0.3125
5_23_5_6.jpg,0.6339341998100281,11,21.14587292906137,0.46153846153846156
5_23_5_7.jpg,0.7215694189071655,17,22.733888746509244,0.3684210526315789
5_23_5_9.jpg,0.7719168663024902,11,22.28703936704038,0.5833333333333334
5_23_7_0.jpg,0.7476241588592529,1,27.742123440313826,1.0
5_23_7_10.jpg,0.6098083257675171,4,22.68816305411666,0.5
5_23_7_12.jpg,0.7566284537315369,5,21.269236104073453,0.6666666666666666
5_23_7_14.jpg,0.7461250424385071,5,21.686383962676402,0.4
5_23_7_16.jpg,0.8149291276931763,1,21.635362843926043,0.25
5_23_7_2.jpg,0.6592959761619568,5,23.776086368019694,0.8
5_23_7_4.jpg,0.7577345371246338,5,18.40526839832125,0.3333333333333333
5_23_7_6.jpg,0.6582193970680237,5,17.766763534817837,0.5
5_23_7_8.jpg,0.7803241014480591,2,21.79413903639464,0.25
6_13_6_0.jpg,0.833383321762085,2,9.265750211676702,0.5
6_13_6_1.jpg,0.8829336166381836,3,9.434182232607085,1.0
6_13_6_2.jpg,0.7329239249229431,6,9.591331203549627,0.125
6_13_6_3.jpg,0.7217013835906982,7,9.646292067330446,0.25
6_13_6_4.jpg,0.6759077906608582,3,9.435355806958514,0.0
6_13_6_5.jpg,0.6907343864440918,3,9.404887275885626,0.3333333333333333
6_13_6_6.jpg,0.7166179418563843,3,9.332150947907698,0.5
6_13_6_7.jpg,0.7353526949882507,3,9.275889142688813,0.0
6_13_6_8.jpg,0.6804042458534241,5,9.076202387513021,0.14285714285714285
6_19_3_108MP_0.jpg,0.7338528037071228,12,10.784947654881432,0.3076923076923077
6_19_3_108MP_1.jpg,0.7397249341011047,13,12.348590343475271,0.5384615384615384
6_19_3_108MP_2.jpg,0.7253251671791077,19,11.290443009173627,0.1
6_19_3_108MP_3.jpg,0.7598273158073425,15,11.733931267141275,0.26666666666666666
6_19_3_108MP_4.jpg,0.6917344927787781,14,12.056180751472295,0.2
6_19_3_108MP_5.jpg,0.7365784049034119,15,11.201914887135393,0.25
6_19_3_108MP_6.jpg,0.6932044625282288,13,10.77030652828176,0.2857142857142857
6_19_3_108MP_7.jpg,0.7573397755622864,13,10.144342595300428,0.375
6_19_3_108MP_8.jpg,0.7415251135826111,10,10.322980792496475,0.4
6_19_5_108MP_0.jpg,0.8095082640647888,15,12.455212130405139,0.5625
6_19_5_108MP_1.jpg,0.7983478903770447,15,13.058278474348873,0.7058823529411765
6_19_5_108MP_2.jpg,0.7872956395149231,16,12.596893902189708,0.6875
6_19_5_108MP_3.jpg,0.8350909948348999,16,12.331552384904267,0.5
6_19_5_108MP_4.jpg,0.8259388208389282,17,12.244591542953277,0.6
6_19_5_108MP_5.jpg,0.8691245317459106,16,12.151783583861732,0.6666666666666666
6_19_5_108MP_6.jpg,0.8495898246765137,23,12.398221501942384,0.9130434782608695
6_19_5_108MP_7.jpg,0.8196839690208435,20,12.205880041597922,0.5714285714285714
6_19_5_108MP_8.jpg,0.7882493734359741,20,12.482438025336936,0.7272727272727273
6_27_3_1.jpg,0.8223907947540283,19,16.72266524572177,0.7142857142857143
6_27_3_2.jpg,0.7641265988349915,14,16.392595203843154,0.5
6_27_3_3.jpg,0.7887658476829529,12,14.956216353217988,0.6153846153846154
6_27_3_4.jpg,0.8851684927940369,5,15.91583501679239,1.0
6_27_3_5.jpg,0.8280113935470581,15,17.04625815640818,0.5882352941176471
6_27_3_6.jpg,0.7852585911750793,23,17.89693615860881,0.56
6_27_3_7.jpg,0.7846361994743347,23,18.07431492160144,0.5384615384615384
6_27_3_8.jpg,0.812780499458313,23,18.839701188015486,0.7037037037037037
6_27_3_9.jpg,0.8396459221839905,15,18.908958136711266,0.7647058823529411
6_27_4_108MP_1.jpg,0.7866665720939636,22,8.82695846592194,0.5652173913043478
6_27_4_108MP_2.jpg,0.8624377250671387,16,9.185885713697303,0.6470588235294118
6_27_4_108MP_3.jpg,0.8047460913658142,23,10.202066596382833,0.6956521739130435
6_27_4_108MP_4.jpg,0.8553780913352966,22,9.924403628044017,0.625
6_27_4_108MP_5.jpg,0.8200324177742004,20,9.61281062442542,0.5714285714285714
6_27_4_108MP_6.jpg,0.8607571125030518,19,9.284425172337883,0.75
6_27_4_108MP_7.jpg,0.8581599593162537,23,9.005371907774773,0.782608695652174
6_27_4_108MP_8.jpg,0.8458687663078308,18,8.914464341696325,0.7222222222222222
6_27_4_108MP_9.jpg,0.8539957404136658,21,8.745655129700136,0.6666666666666666
6_5_5_1.jpg,0.7562584280967712,5,14.025445286973682,0.0
6_5_5_11.jpg,0.7847205996513367,6,12.823697503548257,0.16666666666666666
6_5_5_13.jpg,0.7904003262519836,4,13.08068408611672,0.25
6_5_5_2.jpg,0.7276137471199036,7,14.830359523913172,0.25
6_5_5_3.jpg,0.814161479473114,6,15.354699720521287,0.2857142857142857
6_5_5_4.jpg,0.7976321578025818,5,14.13592999468728,0.2
6_5_5_5.jpg,0.7776743769645691,6,14.962455202692793,0.3333333333333333
6_5_5_7.jpg,0.7647803425788879,7,14.285347196046176,0.375
6_5_5_9.jpg,0.7758757472038269,7,13.41032173569748,0.1111111111111111
7_3_8_1.jpg,0.8153349757194519,9,9.936166315797221,0.3076923076923077
7_3_8_2.jpg,0.7654356956481934,8,10.964857428677744,0.6
7_3_8_3.jpg,0.7597585320472717,11,10.548646836524048,0.38461538461538464
7_3_8_4.jpg,0.7341015934944153,10,11.331996288905362,0.5
7_3_8_5.jpg,0.7634286284446716,19,11.0972254757592,0.4782608695652174
7_3_8_6.jpg,0.7096715569496155,14,10.403604343469052,0.42857142857142855
7_3_8_7.jpg,0.8058982491493225,9,10.285855199082292,0.4444444444444444
7_3_8_8.jpg,0.7707765102386475,7,9.696787147976794,0.625
7_3_8_9.jpg,0.7707765102386475,7,9.696787147976794,0.625
5_23_4_fast_0.jpg,0.7498521208763123,5,23.076737663132064,0.25
5_23_4_fast_1.jpg,0.6791797280311584,7,21.829244364244428,0.42857142857142855
5_23_4_fast_10.jpg,0.788914144039154,15,22.691810389932087,0.375
5_23_4_fast_14.jpg,0.8423438668251038,17,21.447382436652624,0.5
5_23_4_fast_18.jpg,0.828009843826294,9,20.98813174219125,0.4
5_23_4_fast_22.jpg,0.7793604731559753,3,19.026981571917986,0.6666666666666666
5_23_4_fast_3.jpg,0.7059757113456726,14,22.427082327574823,0.2857142857142857
5_23_4_fast_5.jpg,0.7553663849830627,10,21.38269526583449,0.3
5_23_4_fast_7.jpg,0.8003658652305603,8,20.21148878232053,0.3333333333333333
5_23_5_0.jpg,0.7036195993423462,2,26.90312470928752,1.0
5_23_5_1.jpg,0.7143045663833618,4,23.102842245704778,0.3333333333333333
5_23_5_11.jpg,0.6652528047561646,5,22.406577494060905,0.4
5_23_5_12.jpg,0.6966291666030884,2,23.438157347210065,0.25
5_23_5_2.jpg,0.8121711015701294,16,22.518091231520405,0.5294117647058824
5_23_5_4.jpg,0.7102673053741455,13,23.25188628191095,0.3125
5_23_5_6.jpg,0.6339341998100281,11,21.14587292906137,0.46153846153846156
5_23_5_7.jpg,0.7215694189071655,17,22.733888746509244,0.3684210526315789
5_23_5_9.jpg,0.7719168663024902,11,22.28703936704038,0.5833333333333334
5_23_7_0.jpg,0.7476241588592529,1,27.742123440313826,1.0
5_23_7_10.jpg,0.6098083257675171,4,22.68816305411666,0.5
5_23_7_12.jpg,0.7566284537315369,5,21.269236104073453,0.6666666666666666
5_23_7_14.jpg,0.7461250424385071,5,21.686383962676402,0.4
5_23_7_16.jpg,0.8149291276931763,1,21.635362843926043,0.25
5_23_7_2.jpg,0.6592959761619568,5,23.776086368019694,0.8
5_23_7_4.jpg,0.7577345371246338,5,18.40526839832125,0.3333333333333333
5_23_7_6.jpg,0.6582193970680237,5,17.766763534817837,0.5
5_23_7_8.jpg,0.7803241014480591,2,21.79413903639464,0.25
6_13_6_0.jpg,0.833383321762085,2,9.265750211676702,0.5
6_13_6_1.jpg,0.8829336166381836,3,9.434182232607085,1.0
6_13_6_2.jpg,0.7329239249229431,6,9.591331203549627,0.125
6_13_6_3.jpg,0.7217013835906982,7,9.646292067330446,0.25
6_13_6_4.jpg,0.6759077906608582,3,9.435355806958514,0.0
6_13_6_5.jpg,0.6907343864440918,3,9.404887275885626,0.3333333333333333
6_13_6_6.jpg,0.7166179418563843,3,9.332150947907698,0.5
6_13_6_7.jpg,0.7353526949882507,3,9.275889142688813,0.0
6_13_6_8.jpg,0.6804042458534241,5,9.076202387513021,0.14285714285714285
6_19_3_108MP_0.jpg,0.7338528037071228,12,10.784947654881432,0.3076923076923077
6_19_3_108MP_1.jpg,0.7397249341011047,13,12.348590343475271,0.5384615384615384
6_19_3_108MP_2.jpg,0.7253251671791077,19,11.290443009173627,0.1
6_19_3_108MP_3.jpg,0.7598273158073425,15,11.733931267141275,0.26666666666666666
6_19_3_108MP_4.jpg,0.6917344927787781,14,12.056180751472295,0.2
6_19_3_108MP_5.jpg,0.7365784049034119,15,11.201914887135393,0.25
6_19_3_108MP_6.jpg,0.6932044625282288,13,10.77030652828176,0.2857142857142857
6_19_3_108MP_7.jpg,0.7573397755622864,13,10.144342595300428,0.375
6_19_3_108MP_8.jpg,0.7415251135826111,10,10.322980792496475,0.4
6_19_5_108MP_0.jpg,0.8095082640647888,15,12.455212130405139,0.5625
6_19_5_108MP_1.jpg,0.7983478903770447,15,13.058278474348873,0.7058823529411765
6_19_5_108MP_2.jpg,0.7872956395149231,16,12.596893902189708,0.6875
6_19_5_108MP_3.jpg,0.8350909948348999,16,12.331552384904267,0.5
6_19_5_108MP_4.jpg,0.8259388208389282,17,12.244591542953277,0.6
6_19_5_108MP_5.jpg,0.8691245317459106,16,12.151783583861732,0.6666666666666666
6_19_5_108MP_6.jpg,0.8495898246765137,23,12.398221501942384,0.9130434782608695
6_19_5_108MP_7.jpg,0.8196839690208435,20,12.205880041597922,0.5714285714285714
6_19_5_108MP_8.jpg,0.7882493734359741,20,12.482438025336936,0.7272727272727273
6_27_3_1.jpg,0.8223907947540283,19,16.72266524572177,0.7142857142857143
6_27_3_2.jpg,0.7641265988349915,14,16.392595203843154,0.5
6_27_3_3.jpg,0.7887658476829529,12,14.956216353217988,0.6153846153846154
6_27_3_4.jpg,0.8851684927940369,5,15.91583501679239,1.0
6_27_3_5.jpg,0.8280113935470581,15,17.04625815640818,0.5882352941176471
6_27_3_6.jpg,0.7852585911750793,23,17.89693615860881,0.56
6_27_3_7.jpg,0.7846361994743347,23,18.07431492160144,0.5384615384615384
6_27_3_8.jpg,0.812780499458313,23,18.839701188015486,0.7037037037037037
6_27_3_9.jpg,0.8396459221839905,15,18.908958136711266,0.7647058823529411
6_27_4_108MP_1.jpg,0.7866665720939636,22,8.82695846592194,0.5652173913043478
6_27_4_108MP_2.jpg,0.8624377250671387,16,9.185885713697303,0.6470588235294118
6_27_4_108MP_3.jpg,0.8047460913658142,23,10.202066596382833,0.6956521739130435
6_27_4_108MP_4.jpg,0.8553780913352966,22,9.924403628044017,0.625
6_27_4_108MP_5.jpg,0.8200324177742004,20,9.61281062442542,0.5714285714285714
6_27_4_108MP_6.jpg,0.8607571125030518,19,9.284425172337883,0.75
6_27_4_108MP_7.jpg,0.8581599593162537,23,9.005371907774773,0.782608695652174
6_27_4_108MP_8.jpg,0.8458687663078308,18,8.914464341696325,0.7222222222222222
6_27_4_108MP_9.jpg,0.8539957404136658,21,8.745655129700136,0.6666666666666666
6_5_5_1.jpg,0.7562584280967712,5,14.025445286973682,0.0
6_5_5_11.jpg,0.7847205996513367,6,12.823697503548257,0.16666666666666666
6_5_5_13.jpg,0.7904003262519836,4,13.08068408611672,0.25
6_5_5_2.jpg,0.7276137471199036,7,14.830359523913172,0.25
6_5_5_3.jpg,0.814161479473114,6,15.354699720521287,0.2857142857142857
6_5_5_4.jpg,0.7976321578025818,5,14.13592999468728,0.2
6_5_5_5.jpg,0.7776743769645691,6,14.962455202692793,0.3333333333333333
6_5_5_7.jpg,0.7647803425788879,7,14.285347196046176,0.375
6_5_5_9.jpg,0.7758757472038269,7,13.41032173569748,0.1111111111111111
7_3_8_1.jpg,0.8153349757194519,9,9.936166315797221,0.3076923076923077
7_3_8_2.jpg,0.7654356956481934,8,10.964857428677744,0.6
7_3_8_3.jpg,0.7597585320472717,11,10.548646836524048,0.38461538461538464
7_3_8_4.jpg,0.7341015934944153,10,11.331996288905362,0.5
7_3_8_5.jpg,0.7634286284446716,19,11.0972254757592,0.4782608695652174
7_3_8_6.jpg,0.7096715569496155,14,10.403604343469052,0.42857142857142855
7_3_8_7.jpg,0.8058982491493225,9,10.285855199082292,0.4444444444444444
7_3_8_8.jpg,0.7707765102386475,7,9.696787147976794,0.625
7_3_8_9.jpg,0.7707765102386475,7,9.696787147976794,0.625
5_23_4_fast_0.jpg,0.7498521208763123,5,23.076737663132064,0.25
5_23_4_fast_1.jpg,0.6791797280311584,7,21.829244364244428,0.42857142857142855
5_23_4_fast_0.jpg,0.7498521208763123,5,23.076737663132064,0.25
5_23_4_fast_0.jpg,0.7498521208763123,5,23.076737663132064,0.25
5_23_4_fast_1.jpg,0.6791797280311584,7,21.829244364244428,0.42857142857142855
5_23_4_fast_0.jpg,0.7498521208763123,5,23.076737663132064,1.147874479130293,96.34983643713525,1702.8783207859076,125.99682136146157,0.25
5_23_4_fast_1.jpg,0.6791797280311584,7,21.829244364244428,1.0523977366082629,86.41005485493254,1396.294802577429,122.73476829477246,0.42857142857142855
5_23_4_fast_10.jpg,0.788914144039154,15,22.691810389932087,1.1496205268809112,47.419429009017556,446.6629559958976,120.43723683045722,0.375
5_23_4_fast_14.jpg,0.8423438668251038,17,21.447382436652624,1.1425102295380345,51.40552246603229,524.8605926245768,120.8749410402735,0.5
5_23_4_fast_18.jpg,0.828009843826294,9,20.98813174219125,0.8303043637602462,65.1593188951193,832.1825116453703,120.96798724188892,0.4
5_23_4_fast_22.jpg,0.7793604731559753,3,19.026981571917986,0.8452321099379922,67.95615580688855,738.8808311938155,121.20794912445767,0.6666666666666666
5_23_4_fast_3.jpg,0.7059757113456726,14,22.427082327574823,0.904870306099835,56.03135142499517,595.9713182874103,119.98255186992732,0.2857142857142857
5_23_4_fast_5.jpg,0.7553663849830627,10,21.38269526583449,1.0431682689238364,46.146454367939484,351.89759696228634,120.48230490227134,0.3
5_23_4_fast_7.jpg,0.8003658652305603,8,20.21148878232053,1.0619787033290131,50.57641118756591,442.0155623315814,121.636757829747,0.3333333333333333
5_23_5_0.jpg,0.7036195993423462,2,26.90312470928752,1.1345029239766082,71.5457792061041,862.9086659356669,126.48633705475811,1.0
5_23_5_1.jpg,0.7143045663833618,4,23.102842245704778,1.1201999754631333,95.09915116708561,1372.495349181859,124.07487035152668,0.3333333333333333
5_23_5_11.jpg,0.6652528047561646,5,22.406577494060905,1.050843572955578,40.52318712537146,334.2269025898392,118.3816928579051,0.4
5_23_5_12.jpg,0.6966291666030884,2,23.438157347210065,1.2574074074074075,56.203026099517984,424.2651482806947,116.583522297808,0.25
5_23_5_2.jpg,0.8121711015701294,16,22.518091231520405,1.1717528799156736,61.27660544570286,633.0980008508891,122.44953264472372,0.5294117647058824
5_23_5_4.jpg,0.7102673053741455,13,23.25188628191095,0.9557265325340697,53.28208567313242,461.02512648635445,121.62781616939812,0.3125
5_23_5_6.jpg,0.6339341998100281,11,21.14587292906137,0.964286009470539,47.31762613443886,386.14742613625407,122.13331964159921,0.46153846153846156
5_23_5_7.jpg,0.7215694189071655,17,22.733888746509244,1.2397602196744608,47.759042667843346,382.81716325892097,122.0939193804955,0.3684210526315789
5_23_5_9.jpg,0.7719168663024902,11,22.28703936704038,1.2059017807180972,40.45828972139967,303.083219858037,120.81069716588648,0.5833333333333334
5_23_7_0.jpg,0.7476241588592529,1,27.742123440313826,0.9032258064516129,103.20103947594279,2037.6073074391045,126.52534562211981,1.0
5_23_7_10.jpg,0.6098083257675171,4,22.68816305411666,0.9902511961722488,78.4907170032201,960.8098757318513,122.59061570874437,0.5
5_23_7_12.jpg,0.7566284537315369,5,21.269236104073453,0.7172659627953746,60.00757535453313,637.7776093149239,123.18641191932807,0.6666666666666666
5_23_7_14.jpg,0.7461250424385071,5,21.686383962676402,0.96763432421969,73.92644793920472,1022.7462648253955,123.84446584271878,0.4
5_23_7_16.jpg,0.8149291276931763,1,21.635362843926043,0.8518518518518519,87.33307011667476,1691.9042313641444,125.73268921095008,0.25
5_23_7_2.jpg,0.6592959761619568,5,23.776086368019694,1.2588529817521414,52.64316832626152,514.416660348158,121.95202593043273,0.8
5_23_7_4.jpg,0.7577345371246338,5,18.40526839832125,1.032110295915872,70.29672895656908,935.4875298680554,121.74951444123717,0.3333333333333333
5_23_7_6.jpg,0.6582193970680237,5,17.766763534817837,1.2875252895795817,42.59042549015673,304.374739306048,120.61608872043857,0.5
5_23_7_8.jpg,0.7803241014480591,2,21.79413903639464,0.7333333333333334,63.52944258588347,702.7958265634313,125.02380390172598,0.25
6_13_6_0.jpg,0.833383321762085,2,9.265750211676702,1.3976157082748948,32.97714051396156,331.2233924594017,117.79005079957321,0.5
6_13_6_1.jpg,0.8829336166381836,3,9.434182232607085,1.074559763129188,32.73121734769175,218.18017911059243,119.00417410692764,1.0
6_13_6_2.jpg,0.7329239249229431,6,9.591331203549627,1.0356752675638126,44.075997753251634,294.5831701517654,119.75337248884631,0.125
6_13_6_3.jpg,0.7217013835906982,7,9.646292067330446,1.1481576202224288,46.14472723540098,292.41344140877646,118.63589343967654,0.25
6_13_6_4.jpg,0.6759077906608582,3,9.435355806958514,0.8916613879019893,49.02276616594404,464.5701582248499,118.70073240671552,0.0
6_13_6_5.jpg,0.6907343864440918,3,9.404887275885626,0.7833350826060396,25.695209262839114,170.12169569777373,115.74261633674041,0.3333333333333333
6_13_6_6.jpg,0.7166179418563843,3,9.332150947907698,1.068759664832596,41.97820347733758,529.7902265841523,117.45482381106505,0.5
6_13_6_7.jpg,0.7353526949882507,3,9.275889142688813,0.7684524988446557,30.627369787504865,172.15264718035283,121.38722802252214,0.0
6_13_6_8.jpg,0.6804042458534241,5,9.076202387513021,1.0798897502153317,43.34057377967131,351.26927944133297,119.52583664570693,0.14285714285714285
6_19_3_108MP_0.jpg,0.7338528037071228,12,10.784947654881432,1.2053891853361338,45.310974936608226,540.7481600678299,122.43605768533085,0.3076923076923077
6_19_3_108MP_1.jpg,0.7397249341011047,13,12.348590343475271,1.2001051933953046,44.04697705478813,546.9584688325115,120.31560480380708,0.5384615384615384
6_19_3_108MP_2.jpg,0.7253251671791077,19,11.290443009173627,1.2742136320340058,41.52009357852712,384.01701024067216,120.1997750607948,0.1
6_19_3_108MP_3.jpg,0.7598273158073425,15,11.733931267141275,0.9975902948545466,33.36267485730827,273.12313387232916,119.36640908761889,0.26666666666666666
6_19_3_108MP_4.jpg,0.6917344927787781,14,12.056180751472295,1.2258719987197433,39.432964071499555,381.55457872423045,120.91072876330956,0.2
6_19_3_108MP_5.jpg,0.7365784049034119,15,11.201914887135393,1.1667142788563851,40.61604713165101,371.9934489175788,120.19341618690122,0.25
6_19_3_108MP_6.jpg,0.6932044625282288,13,10.77030652828176,0.9854399324865104,37.54321949987505,506.1766975428123,120.18892527841052,0.2857142857142857
6_19_3_108MP_7.jpg,0.7573397755622864,13,10.144342595300428,1.1347838318165888,38.49393286861448,377.2176507489479,120.2037147502822,0.375
6_19_3_108MP_8.jpg,0.7415251135826111,10,10.322980792496475,0.9199350859781031,49.18980151208096,525.0856452344321,119.29259112994573,0.4
6_19_5_108MP_0.jpg,0.8095082640647888,15,12.455212130405139,1.0250696877378713,50.84182165075711,689.055743342821,121.16825046101657,0.5625
6_19_5_108MP_1.jpg,0.7983478903770447,15,13.058278474348873,1.031899272828675,50.385031859461364,703.4296682890206,122.31432021707525,0.7058823529411765
6_19_5_108MP_2.jpg,0.7872956395149231,16,12.596893902189708,1.043772023530079,45.58500728615798,498.8609491631717,120.92933419419714,0.6875
6_19_5_108MP_3.jpg,0.8350909948348999,16,12.331552384904267,0.944197890171733,39.7088829728139,376.96430907122476,119.42358656624954,0.5
6_19_5_108MP_4.jpg,0.8259388208389282,17,12.244591542953277,1.120668106406348,41.56298116602632,411.43632753498986,118.16899006784212,0.6
6_19_5_108MP_5.jpg,0.8691245317459106,16,12.151783583861732,1.15977253157127,41.15719005100341,436.1108019938556,119.17111906785543,0.6666666666666666
6_19_5_108MP_6.jpg,0.8495898246765137,23,12.398221501942384,0.9915179498861827,45.056615120339224,475.444657539672,120.14895717239648,0.9130434782608695
6_19_5_108MP_7.jpg,0.8196839690208435,20,12.205880041597922,1.10552035183645,45.74500662763392,537.7180962634473,119.77223403412229,0.5714285714285714
6_19_5_108MP_8.jpg,0.7882493734359741,20,12.482438025336936,1.1743513778917514,52.850437394704855,663.9658793531781,121.16189716729357,0.7272727272727273
6_27_3_1.jpg,0.8223907947540283,19,16.72266524572177,1.0256454027552568,36.49674845253488,337.96762851183814,120.12575356190682,0.7142857142857143
6_27_3_2.jpg,0.7641265988349915,14,16.392595203843154,1.2395842245538458,38.70963245588582,326.8093907282147,119.86158383390384,0.5
6_27_3_3.jpg,0.7887658476829529,12,14.956216353217988,1.3260191417435536,33.84549269964793,280.2386960362251,120.58986850902136,0.6153846153846154
6_27_3_4.jpg,0.8851684927940369,5,15.91583501679239,0.9588312288122415,27.67296383779827,180.35654378481308,120.27650482172001,1.0
6_27_3_5.jpg,0.8280113935470581,15,17.04625815640818,0.9916967877837367,30.72171120575929,211.7685259655385,120.14441866648203,0.5882352941176471
6_27_3_6.jpg,0.7852585911750793,23,17.89693615860881,1.1920096480154379,29.001282332680013,195.6282407228204,119.22673315628506,0.56
6_27_3_7.jpg,0.7846361994743347,23,18.07431492160144,1.0323225878835864,33.72532899035635,249.3867467518298,118.70410118792388,0.5384615384615384
6_27_3_8.jpg,0.812780499458313,23,18.839701188015486,0.9803270987194759,34.98383201672285,293.6249392862126,118.16466037733218,0.7037037037037037
6_27_3_9.jpg,0.8396459221839905,15,18.908958136711266,1.1356121588930401,31.129345894534467,264.17974226612813,119.10129383374185,0.7647058823529411
6_27_4_108MP_1.jpg,0.7866665720939636,22,8.82695846592194,1.0266794766153062,26.522800079178698,214.10391843489452,119.05600165604272,0.5652173913043478
6_27_4_108MP_2.jpg,0.8624377250671387,16,9.185885713697303,0.9275192905262521,27.167930752431182,232.3358504316971,118.93362353485293,0.6470588235294118
6_27_4_108MP_3.jpg,0.8047460913658142,23,10.202066596382833,1.223993721872614,29.37091120665832,237.76105546434124,121.01020611817702,0.6956521739130435
6_27_4_108MP_4.jpg,0.8553780913352966,22,9.924403628044017,1.2167919023559584,29.62621213643238,281.97472971772663,118.8310959892377,0.625
6_27_4_108MP_5.jpg,0.8200324177742004,20,9.61281062442542,0.9633798120605045,24.60034230309045,187.5578954472026,116.62325157007486,0.5714285714285714
6_27_4_108MP_6.jpg,0.8607571125030518,19,9.284425172337883,1.1262658908448284,26.467740437952397,202.27859806758607,118.61023698045557,0.75
6_27_4_108MP_7.jpg,0.8581599593162537,23,9.005371907774773,1.0086381270260811,25.53555559191836,227.93258245099446,118.16243027155082,0.782608695652174
6_27_4_108MP_8.jpg,0.8458687663078308,18,8.914464341696325,1.029425474041236,26.19002683149223,232.1064748058817,119.37199767544374,0.7222222222222222
6_27_4_108MP_9.jpg,0.8539957404136658,21,8.745655129700136,0.9126097061530588,27.067384403343084,269.6575619530863,119.90960638215331,0.6666666666666666
6_5_5_1.jpg,0.7562584280967712,5,14.025445286973682,1.3928348649401279,60.899701760343476,729.2806874727776,122.50862481295607,0.0
6_5_5_11.jpg,0.7847205996513367,6,12.823697503548257,1.1810456204968627,68.743076169232,894.6034132462588,121.25887614156123,0.16666666666666666
6_5_5_13.jpg,0.7904003262519836,4,13.08068408611672,1.049621212121212,71.00838614703139,1032.5669241001183,120.9767649617127,0.25
6_5_5_2.jpg,0.7276137471199036,7,14.830359523913172,1.444227954432036,58.846257109797456,765.2689840232097,121.83969139611874,0.25
6_5_5_3.jpg,0.814161479473114,6,15.354699720521287,1.1978481510032843,57.45534359719982,735.9606954154879,121.67260591681703,0.2857142857142857
6_5_5_4.jpg,0.7976321578025818,5,14.13592999468728,1.023258658008658,71.60853323728979,844.0696632064103,122.23871566159937,0.2
6_5_5_5.jpg,0.7776743769645691,6,14.962455202692793,1.083211833083956,65.2181888530374,780.7887803487971,122.51246606138464,0.3333333333333333
6_5_5_7.jpg,0.7647803425788879,7,14.285347196046176,1.042193886906589,60.510448163596344,692.2954156675335,120.86228829633303,0.375
6_5_5_9.jpg,0.7758757472038269,7,13.41032173569748,1.0100968150034482,64.73542192933829,784.2801649418394,119.9142127871805,0.1111111111111111
7_3_8_1.jpg,0.8153349757194519,9,9.936166315797221,0.9694425869457189,36.00067818980435,346.1048480989281,120.14164114874569,0.3076923076923077
7_3_8_2.jpg,0.7654356956481934,8,10.964857428677744,1.144507097868942,38.30801205328825,363.4881501493868,121.05831905744262,0.6
7_3_8_3.jpg,0.7597585320472717,11,10.548646836524048,0.9315016263934026,22.692086695366257,121.11715939033866,120.03023015840918,0.38461538461538464
7_3_8_4.jpg,0.7341015934944153,10,11.331996288905362,1.428833751101553,34.7617997165844,219.0570466508113,120.52260192213744,0.5
7_3_8_5.jpg,0.7634286284446716,19,11.0972254757592,0.9220707464777871,37.41475269435779,332.0165667218679,119.75250143667091,0.4782608695652174
7_3_8_6.jpg,0.7096715569496155,14,10.403604343469052,1.1090301835470073,35.813402856869125,337.1185256502814,119.15436274473576,0.42857142857142855
7_3_8_7.jpg,0.8058982491493225,9,10.285855199082292,1.029158024757555,52.15412009125823,503.947763789956,120.93907776679288,0.4444444444444444
7_3_8_8.jpg,0.7707765102386475,7,9.696787147976794,1.0911059930242941,36.9463174418957,317.5502057345654,118.97196215333267,0.625
7_3_8_9.jpg,0.7707765102386475,7,9.696787147976794,1.0911059930242941,36.9463174418957,317.5502057345654,118.97196215333267,0.625
5_23_4_fast_0.jpg,0.7498521208763123,5,23.076737663132064,1.147874479130293,96.34983643713525,1702.8783207859076,125.99682136146157,0.25
5_23_4_fast_1.jpg,0.6791797280311584,7,21.829244364244428,1.0523977366082629,86.41005485493254,1396.294802577429,122.73476829477246,0.42857142857142855
5_23_4_fast_10.jpg,0.788914144039154,15,22.691810389932087,1.1496205268809112,47.419429009017556,446.6629559958976,120.43723683045722,0.375
5_23_4_fast_14.jpg,0.8423438668251038,17,21.447382436652624,1.1425102295380345,51.40552246603229,524.8605926245768,120.8749410402735,0.5
5_23_4_fast_18.jpg,0.828009843826294,9,20.98813174219125,0.8303043637602462,65.1593188951193,832.1825116453703,120.96798724188892,0.4
5_23_4_fast_22.jpg,0.7793604731559753,3,19.026981571917986,0.8452321099379922,67.95615580688855,738.8808311938155,121.20794912445767,0.6666666666666666
